tweet_id,favorites,retweets
892420643555336193,34561,7195
892177421306343426,29947,5402
891815181378084864,22543,3569
891689557279858688,37808,7422
891327558926688256,36098,7955
891087950875897856,18207,2676
890971913173991426,10609,1718
890729181411237888,58167,16193
890609185150312448,25078,3716
890240255349198849,28591,6256
890006608113172480,27621,6303
889880896479866881,25109,4280
889665388333682689,43007,8571
889638837579907072,24200,3826
889531135344209921,13633,1927
889278841981685760,22608,4562
888917238123831296,26193,3841
888804989199671297,22960,3632
888554962724278272,17712,2957
888078434458587136,19571,2974
887705289381826560,27221,4647
887517139158093824,41660,10085
887473957103951883,61579,15407
887343217045368832,30240,9031
887101392804085760,27564,5108
886983233522544640,31095,6520
886736880519319552,10728,2716
886680336477933568,20191,3831
886366144734445568,18968,2702
886267009285017600,104,3
886258384151887873,25123,5415
886054160059072513,0,96
885984800019947520,29259,5756
885528943205470208,32300,5484
885518971528720385,18403,3192
885311592912609280,0,15843
885167619883638784,19648,3755
884925521741709313,68914,15439
884876753390489601,24957,4785
884562892145688576,21816,4017
884441805382717440,24397,4899
884247878851493888,64856,17370
884162670584377345,18346,2553
883838122936631299,19624,2936
883482846933004288,41138,8489
883360690899218434,20389,3159
883117836046086144,33284,5674
882992080364220416,21448,3316
882762694511734784,25345,4203
882627270321602560,25167,5202
882268110199369728,40131,9926
882045870035918850,26352,4181
881906580714921986,21919,2920
881666595344535552,45558,9188
881633300179243008,113,8
881536004380872706,44438,13747
881268444196462592,20956,4583
880935762899988482,15385,2396
880872448815771648,19152,3280
880465832366813184,25549,5336
880221127280381952,24225,3570
880095782870896641,24855,3741
879862464715927552,20154,2996
879674319642796034,284,9
879492040517615616,21164,2710
879415818425184262,94967,38415
879376492567855104,15170,2700
879130579576475649,0,5877
879050749262655488,20260,4049
879008229531029506,17141,2306
878776093423087618,17490,3524
878604707211726852,27006,6069
878404777348136964,0,1098
878316110768087041,0,5685
878281511006478336,6945,1098
878057613040115712,37933,5877
877736472329191424,70996,16249
877611172832227328,0,70
877556246731214848,20408,3258
877316821321428993,24715,4468
877201837425926144,24380,4765
876838120628539392,18631,2869
876537666061221889,21477,4074
876484053909872640,16932,2049
876120275196170240,25213,4012
875747767867523072,22667,3676
875144289856114688,19803,4236
875097192612077568,24785,5256
875021211251597312,23042,4080
874680097055178752,25139,4018
874434818259525634,0,12547
874296783580663808,23518,3574
874057562936811520,20575,3466
874012996292530176,30807,8797
873580283840344065,21910,3414
873337748698140672,0,1359
873213775632977920,6462,1359
872967104147763200,24610,4672
872820683541237760,13353,3238
872620804844003328,18774,3144
872486979161796608,36908,7909
872122724285648897,30951,7025
871879754684805121,33864,9474
871762521631449091,18300,3041
871515927908634625,18277,3019
871166179821445120,0,5004
871102520638267392,18964,4810
871032628920680449,20600,3308
870804317367881728,30480,5400
870726314365509632,109,3
870656317836468226,11126,2264
870374049280663552,75606,23339
870308999962521604,19905,3632
870063196459192321,33120,7250
869772420881756160,38771,8903
869702957897576449,25584,5511
869596645499047938,14517,2705
869227993411051520,18544,3288
868880397819494401,59289,12591
868639477480148993,0,1796
868622495443632128,24172,4605
868552278524837888,9182,1796
867900495410671616,22054,3664
867774946302451713,30912,6414
867421006826221569,14645,2177
867072653475098625,0,106
867051520902168576,29340,6944
866720684873056260,18229,4224
866686824827068416,17520,3036
866450705531457537,111316,31060
866334964761202691,47655,12547
866094527597207552,0,7359
865718153858494464,23472,4979
865359393868664832,24143,4405
865006731092295680,25614,6819
864873206498414592,29419,7675
864279568663928832,13341,2643
864197398364647424,27280,7778
863907417377173506,18872,3679
863553081350529029,13959,3725
863471782782697472,0,2136
863432100342583297,21810,4668
863427515083354112,2001,82
863079547188785154,8060,986
863062471531167744,7699,2136
862831371563274240,17577,4574
862722525377298433,15675,3168
862457590147678208,18675,4356
862096992088072192,67845,20520
861383897657036800,33046,9531
861288531465048066,15729,3683
861005113778896900,15345,3411
860981674716409858,0,1900
860924035999428608,0,694
860563773140209665,6881,1900
860524505164394496,21750,4729
860276583193509888,16969,3146
860184849394610176,15321,5233
860177593139703809,0,27527
859924526012018688,18059,3675
859851578198683649,14271,3158
859607811541651456,17215,1388
859196978902773760,82509,26986
859074603037188101,31123,12259
858860390427611136,0,7283
858843525470990336,14436,3106
858471635011153920,19941,4381
858107933456039936,14577,2598
857989990357356544,14845,2316
857746408056729600,31558,9584
857393404942143489,5431,1474
857263160327368704,18630,4077
857214891891077121,207,16
857062103051644929,0,152
857029823797047296,17447,3585
856543823941562368,15195,2614
856526610513747968,11073,1703
856288084350160898,496,15
856282028240666624,25811,5715
855862651834028034,311,22
855860136149123072,4537,877
855857698524602368,11084,1906
855851453814013952,42830,16517
855818117272018944,24801,4943
855459453768019968,27713,7474
855245323840757760,0,5415
855138241867124737,0,39
854732716440526848,21208,5523
854482394044301312,27222,6193
854365224396361728,17600,4270
854120357044912130,29866,6798
854010172552949760,15185,2877
853760880890318849,26712,5259
853639147608842240,32321,9121
853299958564483072,14495,3250
852936405516943360,0,1828
852912242202992640,8446,1653
852672615818899456,13989,1987
852553447878664193,15257,3200
852311364735569921,31058,9111
852226086759018497,18751,6259
852189679701164033,10789,1456
851861385021730816,0,19
851591660324737024,15315,3215
851464819735769094,22815,6496
851224888060895234,19491,5303
850753642995093505,28864,8331
850380195714523136,12360,2399
850333567704068097,3269,306
850145622816686080,15379,3489
850019790995546112,19232,4500
849776966551130114,28613,7012
849668094696017920,0,4579
849412302885593088,14997,2910
849336543269576704,10798,1735
849051919805034497,39965,7848
848690551926992896,23843,4015
848324959059550208,23390,4287
848213670039564288,7730,669
848212111729840128,15408,2801
847978865427394560,0,3020
847971574464610304,0,410
847962785489326080,22267,4714
847842811428974592,5128,1218
847617282490613760,6633,383
847606175596138505,17790,3174
847251039262605312,19445,4031
847157206088847362,18807,5393
847116187444137987,20340,2955
846874817362120707,19050,3646
846514051647705089,42177,10706
846505985330044928,13398,2848
846153765933735936,29865,8416
846139713627017216,29456,9400
846042936437604353,15168,2664
845812042753855489,27737,8079
845677943972139009,23970,4496
845397057150107648,7272,1657
845306882940190720,22145,5015
845098359547420673,0,7129
844979544864018432,12959,2372
844973813909606400,14280,2948
844580511645339650,15636,2894
844223788422217728,13010,2043
843981021012017153,14462,2770
843856843873095681,20438,4299
843604394117681152,16091,2555
843235543001513987,20468,5583
842846295480000512,14573,3410
842765311967449089,6434,1196
842535590457499648,17305,3276
842163532590374912,23304,5415
842115215311396866,13326,2837
841833993020538882,0,14001
841680585030541313,24604,7353
841439858740625411,12033,3414
841320156043304961,18891,5171
841314665196081154,15108,4354
841077006473256960,21838,5004
840761248237133825,0,1652
840728873075638272,0,15025
840698636975636481,170,2
840696689258311684,11744,907
840632337062862849,8610,1652
840370681858686976,15719,4285
840268004936019968,18367,5375
839990271299457024,12843,2125
839549326359670784,26188,7283
839290600511926273,0,137
839239871831150596,25862,6098
838952994649550848,18815,3760
838921590096166913,10658,1920
838916489579200512,0,31
838831947270979586,0,10349
838561493054533637,10500,1257
838476387338051585,21510,4468
838201503651401729,0,9447
838150277551247360,1597,313
838085839343206401,134,1
838083903487373313,16890,2921
837820167694528512,32588,7359
837482249356513284,3698,418
837471256429613056,12274,2122
837110210464448512,15421,2233
836989968035819520,12246,2171
836753516572119041,18556,4368
836677758902222849,12121,2087
836648853927522308,0,520
836397794269200385,0,25853
836380477523124226,14198,2819
836260088725786625,20444,4094
836001077879255040,18321,4017
835685285446955009,0,7665
835574547218894849,17066,3398
835536468978302976,0,1587
835309094223372289,0,19729
835297930240217089,15816,2825
835264098648616962,7406,1587
835246439529840640,2023,67
835172783151792128,25132,5418
835152434251116546,21473,2834
834931633769889797,10348,1523
834786237630337024,20653,5221
834574053763584002,13095,2369
834477809192075265,0,10050
834458053273591808,9237,1584
834209720923721728,19703,4467
834167344700198914,15202,3468
834089966724603904,9646,2018
834086379323871233,12531,2084
833863086058651648,12924,2268
833826103416520705,17458,3569
833732339549220864,0,209
833722901757046785,20105,3071
833479644947025920,14322,1935
833124694597443584,19445,4579
832998151111966721,12728,2073
832769181346996225,0,38
832757312314028032,16218,3419
832682457690300417,11415,2749
832645525019123713,2812,502
832636094638288896,15273,2633
832397543355072512,11506,2094
832369877331693569,16502,3020
832273440279240704,10911,2215
832215909146226688,0,5889
832215726631055365,0,8818
832088576586297345,61,2
832040443403784192,0,9085
832032802820481025,17166,4416
831939777352105988,23045,5815
831926988323639298,324,34
831911600680497154,26465,6148
831670449226514432,10028,1726
831650051525054464,6857,1828
831552930092285952,8650,2215
831322785565769729,8954,1483
831315979191906304,6297,1060
831309418084069378,11353,2334
831262627380748289,11445,1952
830956169170665475,7689,1416
830583320585068544,64089,15843
830173239259324417,0,5382
830097400375152640,9380,2776
829878982036299777,0,4745
829861396166877184,11804,1836
829501995190984704,30578,10050
829449946868879360,10101,1912
829141528400556032,23447,6961
829011960981237760,51418,15550
828801551087042563,0,3250
828770345708580865,24653,5557
828708714936930305,35131,10635
828650029636317184,9177,1276
828409743546925057,6143,1105
828408677031882754,7419,1224
828381636999917570,12157,2118
828376505180889089,7131,1016
828372645993398273,12154,2781
828361771580813312,2107,169
828046555563323392,11321,2728
828011680017821696,10005,2048
827933404142436356,19310,4973
827653905312006145,14944,2874
827600520311402496,7224,886
827324948884643840,15285,2875
827199976799354881,10215,2116
826958653328592898,20812,4745
826848821049180160,34856,9619
826615380357632002,0,3781
826598799820865537,4956,235
826598365270007810,9659,2230
826476773533745153,17735,3997
826240494070030336,12804,2477
826204788643753985,4710,875
826115272272650244,15085,2953
825876512159186944,10126,1777
825829644528148480,12310,2393
825535076884762624,55171,16786
825147591692263424,17657,4309
825120256414846976,0,1188
825026590719483904,6043,1188
824796380199809024,0,5246
824775126675836928,14410,3345
824663926340194305,10153,1685
824325613288833024,11424,10141
824297048279236611,14545,3671
824025158776213504,4675,573
823939628516474880,10286,2601
823719002937630720,0,10640
823699002998870016,13509,2401
823581115634085888,12563,2503
823333489516937216,680,22
823322678127919110,15170,3822
823269594223824897,0,9443
822975315408461824,16757,3290
822872901745569793,126956,41087
822859134160621569,12778,2170
822647212903690241,0,6106
822610361945911296,14307,2802
822489057087389700,17516,6106
822462944365645825,26921,13550
822244816520155136,33803,9443
822163064745328640,0,4520
821886076407029760,10924,2199
821813639212650496,0,3201
821765923262631936,8119,1594
821522889702862852,7755,1665
821421320206483457,0,5300
821407182352777218,11337,4109
821153421864615936,241,9
821149554670182400,8311,1868
821107785811234820,9277,2033
821044531881721856,12250,2178
820837357901512704,0,6410
820749716845686786,30544,9447
820690176645140481,11834,3077
820494788566847489,0,539
820446719150292993,0,2453
820314633777061888,3245,539
820078625395449857,19129,5979
820013781606658049,0,1120
819952236453363712,5141,1120
819924195358416896,12529,4664
819711362133872643,12939,2966
819588359383371776,9357,1913
819347104292290561,7000,1150
819238181065359361,2187,391
819227688460238848,22278,6410
819015337530290176,0,35451
819015331746349057,0,18235
819006400881917954,43964,18235
819004803107983360,84521,35451
818646164899774465,0,19991
818627210458333184,21699,7242
818614493328580609,9526,2417
818588835076603904,0,5833
818536468981415936,10506,2339
818307523543449600,0,7689
818259473185828864,10657,2147
818145370475810820,11878,2437
817908911860748288,4700,758
817827839487737858,49787,25853
817777686764523521,10451,2576
817536400337801217,11393,2813
817502432452313088,0,3234
817423860136083457,32639,14001
817415592588222464,5421,914
817181837579653120,0,8085
817171292965273600,8489,1933
817120970343411712,11807,2488
817056546584727552,8328,1573
816829038950027264,0,4507
816816676327063552,9698,1946
816697700272001025,9476,2102
816450570814898180,29379,7689
816336735214911488,8346,1856
816091915477250048,8667,2043
816062466425819140,0,972
816014286006976512,0,5023
815990720817401858,4788,972
815966073409433600,21666,8085
815745968457060357,0,3964
815736392542261248,9545,2176
815639385530101762,7984,1584
815390420867969024,10043,3659
814986499976527872,7424,1220
814638523311648768,10950,2586
814578408554463233,0,5608
814530161257443328,8372,1778
814153002265309185,27898,8307
813944609378369540,0,3049
813910438903693312,9042,1785
813812741911748608,35378,13403
813800681631023104,8073,1692
813217897535406080,18077,7008
813202720496779264,8978,1751
813187593374461952,19265,4173
813172488309972993,9008,1851
813157409116065792,7540,2109
813142292504645637,8259,2300
813130366689148928,4367,428
813127251579564032,11470,2990
813112105746448384,10007,2631
813096984823349248,10262,3478
813081950185472002,9629,2666
813066809284972545,7710,1881
813051746834595840,20368,7052
812781120811126785,7320,1827
812709060537683968,6447,1386
812503143955202048,5888,1178
812466873996607488,7744,1840
812372279581671427,13244,3520
811985624773361665,7072,1348
811744202451197953,7332,1530
811647686436880384,5451,708
811627233043480576,12363,2942
811386762094317568,20322,6135
810984652412424192,5170,1370
810896069567610880,8748,1688
810657578271330305,10655,2528
810284430598270976,34161,10789
810254108431155201,14293,3250
809920764300447744,15120,3781
809808892968534016,0,4702
809448704142938112,6754,1409
809220051211603969,19328,5382
809084759137812480,12854,3403
808838249661788160,9858,2933
808733504066486276,7684,2082
808501579447930884,11011,2503
808344865868283904,41182,19991
808134635716833280,0,5667
808106460588765185,8580,2128
808001312164028416,12174,3399
807621403335917568,14189,3478
807106840509214720,114494,53133
807059379405148160,0,7065
807010152071229440,12773,3726
806629075125202948,72366,33257
806620845233815552,0,5301
806576416489959424,4761,1884
806542213899489280,9940,2278
806242860592926720,0,11173
806219024703037440,6288,1158
805958939288408065,0,5151
805932879469572096,8090,1854
805826884734976000,6398,1755
805823200554876929,0,7711
805520635690676224,5604,1599
805487436403003392,8566,2438
805207613751304193,7646,1667
804738756058218496,13302,3691
804475857670639616,5977,1947
804413760345620481,0,3100
804026241225523202,43136,15485
803773340896923648,9779,2639
803692223237865472,0,7154
803638050916102144,10639,3998
803380650405482500,7553,1811
803321560782307329,0,5104
803276597545603072,9768,2363
802952499103731712,8791,1924
802624713319034886,0,2802
802600418706604034,6921,1407
802572683846291456,8723,2428
802323869084381190,15760,5637
802265048156610565,6766,1335
802239329049477120,8865,2526
802185808107208704,0,263
801958328846974976,7542,1652
801854953262350336,1759,228
801538201127157760,8011,2003
801285448605831168,5890,792
801167903437357056,23761,5667
801127390143516673,0,3817
801115127852503040,7849,2024
800859414831898624,665,95
800855607700029440,0,1548
800751577355128832,10310,2700
800513324630806528,12808,2891
800459316964663297,9249,2105
800443802682937345,0,4150
800388270626521089,10861,2692
800188575492947969,0,3802
800141422401830912,14859,2453
800018252395122689,27542,12642
799774291445383169,0,4492
799757965289017345,8161,2071
799422933579902976,7860,1850
799308762079035393,0,5231
799297110730567681,9606,2640
799063482566066176,7864,2397
798933969379225600,12716,4302
798925684722855936,7327,1393
798705661114773508,0,6407
798701998996647937,0,7463
798697898615730177,0,6273
798694562394996736,0,4774
798686750113755136,0,2243
798682547630837760,0,4569
798673117451325440,0,5369
798665375516884993,0,3774
798644042770751489,0,1786
798628517273620480,0,1903
798585098161549313,0,5448
798576900688019456,0,5628
798340744599797760,0,3224
798209839306514432,10157,2473
797971864723324932,11253,2991
797545162159308800,14184,4715
797236660651966464,19391,6331
797165961484890113,219,26
796904159865868288,0,8609
796865951799083009,7491,1877
796759840936919040,11479,2927
796563435802726400,0,6953
796484825502875648,7356,1691
796387464403357696,10710,4009
796177847564038144,0,13731
796149749086875649,31304,13731
796125600683540480,4846,1735
796116448414461957,8847,2318
796080075804475393,8223,2223
796031486298386433,10513,3595
795464331001561088,48002,22620
795400264262053889,9760,2759
795076730285391872,15742,5246
794983741416415232,0,3239
794926597468000259,9937,2217
794355576146903043,0,9915
794332329137291264,9364,2594
794205286408003585,9000,3203
793962221541933056,16325,4702
793845145112371200,8981,1793
793614319594401792,0,3015
793601777308463104,7774,1559
793500921481273345,10383,2292
793286476301799424,23894,8818
793271401113350145,8470,2315
793256262322548741,19407,8039
793241302385262592,10220,3173
793226087023144960,9529,2786
793210959003287553,8676,2688
793195938047070209,14808,5417
793180763617361921,6735,1925
793165685325201412,9122,2694
793150605191548928,5982,1638
793135492858580992,6236,2422
793120401413079041,12302,3774
792913359805018113,13922,3818
792883833364439040,10989,4114
792773781206999040,7170,1627
792394556390137856,13044,4135
792050063153438720,6942,1713
791821351946420224,0,20333
791784077045166082,0,9178
791780927877898241,0,3677
791774931465953280,43755,21337
791672322847637504,11442,3015
791406955684368384,12793,3964
791312159183634433,8525,2436
791026214425268224,0,3928
790987426131050500,9535,2055
790946055508652032,16238,4507
790723298204217344,0,2221
790698755171364864,8000,1855
790581949425475584,20064,6850
790337589677002753,7619,1824
790277117346975746,12214,3049
790227638568808452,0,3418
789986466051088384,9011,2221
789960241177853952,0,3949
789903600034189313,10036,3980
789628658055020548,7271,1695
789599242079838210,6549,1852
789530877013393408,11397,3239
789314372632018944,8387,2196
789280767834746880,0,4724
789268448748703744,8869,2521
789137962068021249,9452,2677
788908386943430656,26676,12016
788765914992902144,26563,9915
788552643979468800,0,6862
788412144018661376,15090,5072
788178268662984705,7055,2022
788150585577050112,5945,1231
788070120937619456,0,3302
788039637453406209,5950,1268
787810552592695296,8355,2925
787717603741622272,9956,2665
787397959788929025,10584,2748
787322443945877504,7577,1670
787111942498508800,0,6475
786963064373534720,25884,7665
786729988674449408,0,2337
786709082849828864,17742,5889
786664955043049472,10265,2435
786595970293370880,9217,3017
786363235746385920,10543,3324
786286427768250368,7727,2718
786233965241827333,14781,4520
786051337297522688,1388,152
786036967502913536,0,6692
785927819176054784,11076,3073
785872687017132033,6505,1728
785639753186217984,7642,2152
785533386513321988,8807,1898
785515384317313025,5957,1201
785264754247995392,7052,1563
785170936622350336,11650,4631
784826020293709826,9788,3100
784517518371221505,8699,2420
784431430411685888,5562,1226
784183165795655680,19424,7711
784057939640352768,28813,10640
783839966405230592,29024,10349
783821107061198850,7142,1881
783695101801398276,10131,3078
783466772167098368,8187,2145
783391753726550016,16369,5229
783347506784731136,0,5309
783334639985389568,28183,11173
783085703974514689,7901,2091
782969140009107456,23387,7065
782747134529531904,7238,1355
782722598790725632,16704,5151
782598640137187329,7557,1805
782305867769217024,16100,5300
782021823840026624,0,5928
781955203444699136,10811,3211
781661882474196992,10116,2593
781655249211752448,3870,1086
781524693396357120,20084,5302
781308096455073793,6913,2450
781251288990355457,8124,1984
781163403222056960,9498,2635
780931614150983680,20961,6953
780858289093574656,6960,1921
780800785462489090,5308,1238
780601303617732608,11706,3201
780543529827336192,6101,1672
780496263422808064,0,3515
780476555013349377,0,108
780459368902959104,5118,1025
780192070812196864,8427,2147
780092040432480260,0,2202
780074436359819264,11709,4719
779834332596887552,18211,6692
779377524342161408,8468,2968
779124354206535695,0,17453
779056095788752897,14265,4332
778990705243029504,19250,6838
778774459159379968,0,9418
778764940568104960,834,347
778748913645780993,6642,1247
778650543019483137,5561,1425
778624900596654080,4452,966
778408200802557953,13162,4119
778396591732486144,0,11642
778383385161035776,5630,1046
778286810187399168,10010,3157
778039087836069888,8184,2526
778027034220126208,6347,1532
777953400541634568,0,3357
777885040357281792,6142,1558
777684233540206592,10851,2802
777641927919427584,0,4033
777621514455814149,8441,2397
777189768882946048,13705,4110
776819012571455488,0,13017
776813020089548800,4713,1144
776477788987613185,8478,2636
776249906839351296,0,8689
776218204058357768,28767,15103
776201521193218049,9230,2402
776113305656188928,11379,4150
776088319444877312,1764,145
775898661951791106,0,15970
775842724423557120,11305,2533
775733305207554048,13393,3817
775729183532220416,12545,4398
775364825476165632,7124,2816
775350846108426240,9811,3722
775085132600442880,14991,4492
774757898236878852,8322,1698
774639387460112384,6504,1650
774314403806253056,21010,5231
773985732834758656,10381,3684
773922284943896577,6189,1666
773704687002451968,6383,1540
773670353721753600,5171,1255
773547596996571136,21294,5833
773336787167145985,0,4820
773308824254029826,22524,7129
773247561583001600,9127,3101
773191612633579521,9635,3935
772877495989305348,8255,3686
772826264096874500,7749,2260
772615324260794368,0,3219
772581559778025472,6269,1628
772193107915964416,5793,1320
772152991789019136,3679,1086
772117678702071809,3625,701
772114945936949249,2635,449
772102971039580160,3851,893
771908950375665664,6327,1799
771770456517009408,11555,3224
771500966810099713,7983,2490
771380798096281600,10138,4820
771171053431250945,0,7076
771136648247640064,8814,2782
771102124360998913,5997,1370
771014301343748096,6646,1578
770787852854652928,4755,1146
770772759874076672,5000,1356
770655142660169732,7096,1707
770414278348247044,6099,1991
770293558247038976,5978,1395
770093767776997377,0,2897
770069151037685760,7311,2176
769940425801170949,30054,9085
769695466921623552,6193,1603
769335591808995329,0,7345
769212283578875904,5187,1639
768970937022709760,13735,6170
768909767477751808,0,2533
768855141948723200,4031,850
768609597686943744,3947,1132
768596291618299904,4853,1219
768554158521745409,0,5528
768473857036525572,13095,3246
768193404517830656,10465,3357
767884188863397888,4568,1297
767754930266464257,15374,5104
767500508068192258,7228,2215
767191397493538821,11828,3586
767122157629476866,9786,2722
766793450729734144,4855,1292
766714921925144576,2511,361
766693177336135680,3870,755
766423258543644672,5775,1497
766313316352462849,6516,1786
766078092750233600,0,2490
766069199026450432,4048,803
766008592277377025,3617,475
765719909049503744,6965,2051
765669560888528897,4984,1173
765395769549590528,25713,3213
765371061932261376,6814,2064
765222098633691136,11173,3219
764857477905154048,6219,1689
764259802650378240,5780,1433
763956972077010945,742,51
763837565564780549,12054,3928
763183847194451968,5168,1398
763167063695355904,0,2847
763103485927849985,7094,2190
762699858130116608,11648,3418
762471784394268675,10767,6077
762464539388485633,9904,3949
762316489655476224,4604,1058
762035686371364864,30520,14710
761976711479193600,5192,1889
761750502866649088,0,3706
761745352076779520,4118,823
761672994376806400,47380,27526
761599872357261312,3970,1122
761371037149827077,0,17161
761334018830917632,4965,1378
761292947749015552,4308,1033
761227390836215808,5121,1490
761004547850530816,10901,3302
760893934457552897,3665,918
760656994973933572,6322,1801
760641137271070720,4795,1221
760539183865880579,7248,3439
760521673607086080,4025,1322
760290219849637889,25696,10865
760252756032651264,3789,817
760190180481531904,5469,1697
760153949710192640,0,30
759943073749200896,5697,1976
759846353224826880,6453,1868
759793422261743616,5716,1808
759557299618865152,4493,1138
759447681597108224,8149,2337
759446261539934208,1604,463
759197388317847553,5828,1842
759159934323924993,0,1102
759099523532779520,13927,3930
759047813560868866,6210,1903
758854675097526272,3404,861
758828659922702336,10740,3658
758740312047005698,5496,1534
758474966123810816,3641,941
758467244762497024,4600,2089
758405701903519748,4995,1809
758355060040593408,3236,1001
758099635764359168,18184,9418
758041019896193024,2595,351
757741869644341248,6584,3099
757729163776290825,0,7437
757725642876129280,4358,1144
757611664640446465,4391,1033
757597904299253760,0,284
757596066325864448,4168,992
757400162377592832,14484,6481
757393109802180609,5577,1629
757354760399941633,4320,1334
756998049151549440,6013,1888
756939218950160384,6365,1903
756651752796094464,4828,1229
756526248105566208,9958,3398
756303284449767430,3782,1043
756288534030475264,42205,16761
756275833623502848,6106,1447
755955933503782912,6995,2707
755206590534418437,15726,5049
755110668769038337,20272,10489
754874841593970688,0,7462
754856583969079297,6609,2365
754747087846248448,2473,493
754482103782404096,5060,1841
754449512966619136,3588,693
754120377874386944,7556,2225
753655901052166144,5582,2058
753420520834629632,7528,3343
753398408988139520,5492,1790
753375668877008896,7311,2202
753298634498793472,0,5366
753294487569522689,3208,982
753039830821511168,35448,19729
753026973505581056,3752,901
752932432744185856,12059,6475
752917284578922496,6648,1477
752701944171524096,0,2703
752682090207055872,5764,1499
752660715232722944,4176,1470
752568224206688256,5255,2151
752519690950500352,7034,3244
752334515931054080,3664,1034
752309394570878976,0,15295
752173152931807232,5689,1726
751950017322246144,2920,859
751937170840121344,4946,1233
751830394383790080,5560,1841
751793661361422336,5537,2712
751598357617971201,7613,2895
751583847268179968,4202,1032
751538714308972544,4831,1182
751456908746354688,3080,944
751251247299190784,11988,5537
751205363882532864,6036,1714
751132876104687617,4837,1220
750868782890057730,4570,1287
750719632563142656,12572,4724
750506206503038976,4244,1079
750429297815552001,12600,4033
750383411068534784,4352,1077
750381685133418496,681,28
750147208377409536,2985,906
750132105863102464,3464,1215
750117059602808832,4167,1238
750101899009982464,2920,796
750086836815486976,2078,503
750071704093859840,7438,3115
750056684286914561,3031,852
750041628174217216,3033,580
750026558547456000,2600,737
750011400160841729,3091,850
749996283729883136,2908,774
749981277374128128,4888,2332
749774190421639168,4464,1255
749417653287129088,5838,1547
749403093750648834,2494,501
749395845976588288,8171,3249
749317047558017024,5221,2100
749075273010798592,5494,1945
749064354620928000,4590,1445
749036806121881602,2951,748
748977405889503236,10276,3212
748932637671223296,5534,2122
748705597323898880,2650,899
748699167502000129,4524,1494
748692773788876800,4034,1253
748575535303884801,5790,1866
748568946752774144,2104,635
748346686624440324,4980,1157
748337862848962560,7241,3855
748324050481647620,3526,713
748307329658011649,3527,672
748220828303695873,13466,7320
747963614829678593,5521,2013
747933425676525569,6314,2411
747885874273214464,2785,912
747844099428986880,2696,700
747816857231626240,4604,1097
747651430853525504,1304,146
747648653817413632,12276,5482
747600769478692864,2228,533
747594051852075008,3503,980
747512671126323200,5254,1520
747461612269887489,3690,984
747439450712596480,5149,1799
747242308580548608,0,2722
747219827526344708,5008,1480
747204161125646336,3205,858
747103485104099331,9091,3725
746906459439529985,2773,275
746872823977771008,5705,2012
746818907684614144,5058,1649
746790600704425984,4629,1510
746757706116112384,9086,3677
746726898085036033,5767,1686
746542875601690625,4801,1786
746521445350707200,0,926
746507379341139972,4441,1024
746369468511756288,5915,1534
746131877086527488,6545,2059
746056683365994496,3396,764
745789745784041472,3795,995
745712589599014916,6671,2187
745433870967832576,6723,2386
745422732645535745,8137,2265
745314880350101504,6793,2575
745074613265149952,7472,3282
745057283344719872,6909,2103
744995568523612160,2818,578
744971049620602880,7486,2514
744709971296780288,5343,1480
744334592493166593,6456,1982
744234799360020481,148245,72790
744223424764059648,1566,336
743980027717509120,3984,1036
743895849529389061,3483,905
743835915802583040,0,1942
743609206067040256,4253,1307
743595368194129920,17380,6115
743545585370791937,3358,887
743510151680958465,7567,3502
743253157753532416,4027,1147
743222593470234624,5885,1799
743210557239623680,3649,1279
742534281772302336,6703,3367
742528092657332225,4199,1842
742465774154047488,6901,3695
742423170473463808,9333,3515
742385895052087300,6458,1836
742161199639494656,4087,1275
742150209887731712,4837,1449
741793263812808706,4314,1412
741743634094141440,7734,2580
741438259667034112,3500,767
741303864243200000,8336,3016
741099773336379392,9475,5181
741067306818797568,9074,2897
740995100998766593,6009,2553
740711788199743490,3222,888
740699697422163968,2704,730
740676976021798912,17245,6407
740373189193256964,33290,12488
740365076218183684,2321,399
740359016048689152,3114,811
740214038584557568,6334,1836
739979191639244800,18934,5528
739932936087216128,3852,1011
739844404073074688,3606,806
739623569819336705,3578,1276
739606147276148736,5119,1545
739544079319588864,37345,19841
739485634323156992,6749,2716
739238157791694849,109747,54355
738891149612572673,97,6
738885046782832640,3575,1070
738883359779196928,3118,739
738537504001953792,4816,1437
738402415918125056,3080,768
738184450748633089,4081,1142
738166403467907072,8275,3115
738156290900254721,2352,597
737826014890496000,4976,1646
737800304142471168,9475,3249
737678689543020544,4757,1233
737445876994609152,9701,4178
737322739594330112,3404,754
737310737551491075,13873,6938
736736130620620800,3998,1603
736392552031657984,16767,6862
736365877722001409,3762,1156
736225175608430592,7682,2617
736010884653420544,7437,2765
735991953473572864,3382,1064
735648611367784448,3829,1037
735635087207878657,5821,2202
735274964362878976,12341,4685
735256018284875776,3152,825
735137028879360001,2957,910
734912297295085568,2609,493
734787690684657664,11864,5923
734776360183431168,2380,501
734559631394082816,1409,371
733828123016450049,3380,734
733822306246479872,3487,961
733482008106668032,2953,883
733460102733135873,3961,1178
733109485275860992,50576,15970
732732193018155009,2300,499
732726085725589504,3367,827
732585889486888962,3452,734
732375214819057664,7643,2345
732005617171337216,14060,5023
731285275100512256,3319,931
731156023742988288,3623,1181
730924654643314689,5812,1852
730573383004487680,4590,1984
730427201120833536,3294,971
730211855403241472,3594,990
730196704625098752,4549,1748
729854734790754305,3814,1042
729838605770891264,1636,352
729823566028484608,3752,1160
729463711119904772,5449,2154
729113531270991872,1778,296
728986383096946689,2965,761
728760639972315136,4394,1590
728751179681943552,2615,637
728653952833728512,3126,973
728409960103686147,4627,1876
728387165835677696,3508,899
728046963732717569,4047,1122
728035342121635841,4288,1557
728015554473250816,3896,1025
727685679342333952,2808,596
727644517743104000,5533,1637
727524757080539137,4219,1126
727314416056803329,3150,695
727286334147182592,2890,769
727175381690781696,3692,1290
727155742655025152,3419,1232
726935089318363137,6501,2278
726887082820554753,3628,1413
726828223124897792,3378,943
726224900189511680,4185,1071
725842289046749185,6696,2490
725786712245440512,3946,1283
725729321944506368,4925,1655
725458796924002305,1339,573
724983749226668032,3530,1211
724771698126512129,2213,585
724405726123311104,5004,1556
724049859469295616,4078,1662
724046343203856385,2515,521
724004602748780546,3940,1432
723912936180330496,3688,1156
723688335806480385,7227,2722
723673163800948736,2862,833
723179728551723008,4995,1743
722974582966214656,3872,1468
722613351520608256,4711,1533
721503162398597120,4352,1694
721001180231503872,2396,573
720785406564900865,2919,721
720775346191278080,2322,606
720415127506415616,3900,1403
720389942216527872,6023,2329
720340705894408192,2705,912
720059472081784833,3647,1050
720043174954147842,4684,1877
719991154352222208,4583,1624
719704490224398336,4294,1330
719551379208073216,4774,1774
719367763014393856,2654,702
719339463458033665,4212,1154
719332531645071360,3252,888
718971898235854848,3283,1010
718939241951195136,4947,1631
718631497683582976,17818,7463
718613305783398402,2314,449
718540630683709445,2300,949
718460005985447936,2551,489
718454725339934721,4597,1411
718246886998687744,1804,459
718234618122661888,3655,931
717841801130979328,2323,559
717790033953034240,2695,1022
717537687239008257,5468,1721
717428917016076293,1528,420
717421804990701568,2967,776
717047459982213120,5938,1792
717009362452090881,3060,894
716802964044845056,4067,1086
716791146589110272,7813,1482
716730379797970944,1165,408
716447146686459905,12341,5482
716439118184652801,2263,198
716285507865542656,2626,986
716080869887381504,6415,1772
715928423106027520,3015,820
715758151270801409,3513,1334
715733265223708672,4422,1578
715704790270025728,2628,529
715696743237730304,3707,1202
715680795826982913,4065,1489
715360349751484417,5173,1461
715342466308784130,2874,641
715220193576927233,2284,608
715200624753819648,4880,1747
715009755312439296,3922,1147
714982300363173890,3523,965
714962719905021952,6947,3973
714957620017307648,3924,1318
714631576617938945,3095,933
714606013974974464,3439,864
714485234495041536,2519,1049
714258258790387713,2883,686
714251586676113411,3107,780
714214115368108032,2165,820
714141408463036416,4095,1320
713919462244790272,3119,742
713909862279876608,1794,508
713900603437621249,2691,684
713761197720473600,4602,1273
713411074226274305,4194,1220
713177543487135744,6832,2679
713175907180089344,4203,1374
712809025985978368,18033,6273
712717840512598017,11647,4634
712668654853337088,3928,1133
712438159032893441,5034,1463
712309440758808576,223,25
712097430750289920,3568,967
712092745624633345,2788,837
712085617388212225,3100,460
712065007010385924,2125,585
711998809858043904,0,122
711968124745228288,7614,2154
711743778164514816,2695,933
711732680602345472,8318,3805
711694788429553666,31029,17161
711652651650457602,3654,852
711363825979756544,3417,1059
711306686208872448,3131,695
711008018775851008,2831,575
710997087345876993,4334,1298
710844581445812225,2417,643
710833117892898816,2541,499
710658690886586372,2200,530
710609963652087808,4538,2225
710588934686908417,4293,1745
710296729921429505,2257,688
710283270106132480,2052,492
710272297844797440,4266,1176
710269109699739648,2271,1043
710153181850935296,2758,838
710140971284037632,2599,832
710117014656950272,5160,1845
709918798883774466,3315,1016
709901256215666688,631,96
709852847387627521,3313,1128
709566166965075968,3353,1119
709556954897764353,3110,1005
709519240576036864,1425,225
709449600415961088,2089,533
709409458133323776,2507,641
709225125749587968,2274,536
709207347839836162,11798,5379
709198395643068416,2327,605
709179584944730112,1909,628
709158332880297985,1928,378
709042156699303936,4469,1528
708853462201716736,1708,613
708845821941387268,2810,835
708834316713893888,1596,471
708810915978854401,15613,6463
708738143638450176,2615,767
708711088997666817,2402,666
708479650088034305,2407,641
708469915515297792,2940,759
708400866336894977,15057,9394
708356463048204288,3389,1238
708349470027751425,2238,694
708149363256774660,4085,1454
708130923141795840,3199,800
708119489313951744,2546,917
708109389455101952,1854,522
708026248782585858,4173,1809
707995814724026368,2968,1053
707983188426153984,48,2
707969809498152960,2550,897
707776935007539200,3105,898
707741517457260545,2355,570
707738799544082433,3858,2281
707693576495472641,3216,937
707629649552134146,2432,814
707610948723478529,16083,5928
707420581654872064,2133,656
707411934438625280,2183,563
707387676719185920,3314,1189
707377100785885184,3093,1011
707315916783140866,2348,595
707297311098011648,2648,734
707059547140169728,2466,634
707038192327901184,2069,736
707021089608753152,3875,1272
707014260413456384,2192,558
706904523814649856,13800,7345
706901761596989440,1936,543
706681918348251136,3124,914
706644897839910912,2432,1025
706593038911545345,2044,595
706538006853918722,3291,1345
706516534877929472,2962,966
706346369204748288,3266,865
706310011488698368,20110,7368
706291001778950144,1623,449
706265994973601792,2596,868
706169069255446529,3699,2065
706166467411222528,4876,1507
706153300320784384,1404,358
705975130514706432,2942,679
705970349788291072,3020,836
705898680587526145,2257,517
705786532653883392,1841,485
705591895322394625,3000,1071
705475953783398401,2820,854
705442520700944385,4171,1502
705428427625635840,3608,1563
705239209544720384,2843,705
705223444686888960,2444,745
705102439679201280,2033,486
705066031337840642,2071,570
704871453724954624,4052,1051
704859558691414016,2141,497
704847917308362754,4816,1420
704819833553219584,2504,918
704761120771465216,6301,2722
704499785726889984,2749,934
704491224099647488,706,74
704480331685040129,3226,1007
704364645503647744,7548,3325
704347321748819968,1494,324
704134088924532736,1429,426
704113298707505153,1765,537
704054845121142784,2781,867
703774238772166656,1761,417
703769065844768768,3098,1061
703631701117943808,2425,623
703611486317502464,3649,1425
703425003149250560,3592,1266
703407252292673536,2317,647
703382836347330562,3318,1068
703356393781329922,1820,360
703268521220972544,1881,510
703079050210877440,6994,2890
703041949650034688,24956,11642
702932127499816960,2446,673
702899151802126337,1515,419
702684942141153280,3071,991
702671118226825216,2072,526
702598099714314240,11610,3223
702539513671897089,2740,904
702332542343577600,3000,1440
702321140488925184,3119,981
702276748847800320,2336,720
702217446468493312,4527,1260
701981390485725185,3264,921
701952816642965504,3643,959
701889187134500865,3350,1295
701805642395348998,3231,1564
701601587219795968,1987,428
701570477911896070,2667,873
701545186879471618,2526,574
701214700881756160,11568,4774
700890391244103680,2107,528
700864154249383937,2464,586
700847567345688576,2339,467
700796979434098688,2312,882
700747788515020802,21563,8688
700518061187723268,2470,744
700505138482569216,2171,543
700462010979500032,3892,1672
700167517596164096,2495,683
700151421916807169,2117,632
700143752053182464,7124,2533
700062718104104960,2504,640
700029284593901568,1974,544
700002074055016451,3131,1255
699801817392291840,2862,881
699788877217865730,2120,483
699779630832685056,2587,1156
699775878809702401,1859,564
699691744225525762,9732,4304
699446877801091073,5657,2465
699434518667751424,2076,481
699423671849451520,1285,301
699413908797464576,1979,589
699370870310113280,1798,406
699323444782047232,2981,807
699088579889332224,2138,588
699079609774645248,2323,604
699072405256409088,2803,1114
699060279947165696,3544,1681
699036661657767936,2471,1129
698989035503689728,3160,906
698953797952008193,2540,853
698907974262222848,2399,575
698710712454139905,2338,636
698703483621523456,1370,350
698635131305795584,1230,323
698549713696649216,2207,582
698355670425473025,1749,414
698342080612007937,2143,901
698262614669991936,4520,1862
698195409219559425,15915,5608
698178924120031232,2669,698
697995514407682048,1446,317
697990423684476929,3115,1207
697943111201378304,2264,633
697881462549430272,2862,1089
697630435728322560,1644,511
697616773278015490,2961,942
697596423848730625,2857,1175
697575480820686848,1934,471
697516214579523584,1929,1034
697482927769255936,2305,627
697463031882764288,3248,1312
697270446429966336,4476,1762
697259378236399616,3127,937
697255105972801536,2910,1086
697242256848379904,2399,633
696900204696625153,2998,967
696894894812565505,2225,639
696886256886657024,4585,1672
696877980375769088,2322,665
696754882863349760,1404,334
696744641916489729,1950,868
696713835009417216,2245,606
696518437233913856,3717,1621
696490539101908992,1153,134
696488710901260288,2377,955
696405997980676096,3031,1080
696100768806522880,1830,609
695816827381944320,2845,1081
695794761660297217,3007,727
695767669421768709,1756,689
695629776980148225,4318,1955
695446424020918272,4190,1708
695409464418041856,8218,3356
695314793360662529,3433,1346
695095422348574720,2519,574
695074328191332352,2683,1026
695064344191721472,1519,547
695051054296211456,2510,744
694925794720792577,2564,857
694905863685980160,2615,875
694669722378485760,33933,13445
694356675654983680,1425,267
694352839993344000,1925,566
694342028726001664,1507,454
694329668942569472,1889,472
694206574471057408,3926,1915
694183373896572928,2791,871
694001791655137281,3230,962
693993230313091072,1788,378
693942351086120961,1662,343
693647888581312512,2547,546
693644216740769793,1293,118
693642232151285760,2421,392
693629975228977152,2324,744
693622659251335168,1461,349
693590843962331137,4795,1840
693582294167244802,1564,234
693486665285931008,1681,592
693280720173801472,3177,1165
693267061318012928,2258,757
693262851218264065,2089,465
693231807727280129,2738,696
693155686491000832,7478,2999
693109034023534592,1617,569
693095443459342336,1763,427
692919143163629568,2577,714
692905862751522816,2306,818
692901601640583168,1664,560
692894228850999298,2137,739
692828166163931137,2732,832
692752401762250755,6454,3411
692568918515392513,4128,1451
692535307825213440,2987,1279
692530551048294401,1753,384
692423280028966913,1398,205
692417313023332352,8869,3234
692187005137076224,2397,768
692158366030913536,2029,747
692142790915014657,1555,366
692041934689402880,3216,1179
692017291282812928,2743,896
691820333922455552,3762,1541
691793053716221953,7703,3959
691756958957883396,2680,923
691675652215414786,1849,473
691483041324204033,2267,521
691459709405118465,3826,1061
691444869282295808,2495,789
691416866452082688,18333,7154
691321916024623104,2449,622
691096613310316544,2831,830
691090071332753408,1640,317
690989312272396288,5604,2698
690959652130045952,3398,1150
690938899477221376,3869,1810
690932576555528194,3108,943
690735892932222976,3587,1191
690728923253055490,2058,484
690690673629138944,2213,774
690649993829576704,1235,256
690607260360429569,286,15
690597161306841088,1843,570
690400367696297985,1791,422
690374419777196032,3069,795
690360449368465409,2511,825
690348396616552449,1413,481
690248561355657216,1594,387
690021994562220032,2655,963
690015576308211712,2364,683
690005060500217858,3478,1583
689999384604450816,1342,340
689993469801164801,1383,422
689977555533848577,1299,422
689905486972461056,2329,649
689877686181715968,2871,1090
689835978131935233,2064,706
689661964914655233,3076,880
689659372465688576,9813,3605
689623661272240129,2104,599
689599056876867584,11051,5176
689557536375177216,1956,425
689517482558820352,3223,1336
689289219123089408,2135,876
689283819090870273,3092,1033
689280876073582592,1874,661
689275259254616065,1090,233
689255633275777024,2422,1012
689154315265683456,2929,925
689143371370250240,1918,469
688916208532455424,2568,804
688908934925697024,1995,720
688898160958271489,1985,734
688894073864884227,2129,642
688828561667567616,1307,342
688804835492233216,915,176
688789766343622656,2107,623
688547210804498433,2458,657
688519176466644993,2205,685
688385280030670848,8778,4195
688211956440801280,2130,784
688179443353796608,2025,547
688116655151435777,2680,726
688064179421470721,1644,338
687841446767013888,5163,2333
687826841265172480,2598,1048
687818504314159109,2347,896
687807801670897665,2257,672
687732144991551489,1668,619
687704180304273409,2305,787
687664829264453632,1841,482
687494652870668288,1806,541
687480748861947905,1518,226
687476254459715584,1880,501
687460506001633280,1960,507
687399393394311168,1800,578
687317306314240000,19105,8609
687312378585812992,4133,1777
687127927494963200,5132,2115
687124485711986689,2075,475
687109925361856513,5518,2308
687102708889812993,2216,901
687096057537363968,2129,570
686947101016735744,8189,2996
686760001961103360,3329,1300
686749460672679938,3286,1357
686730991906516992,3917,1132
686683045143953408,2679,758
686618349602762752,3510,1273
686606069955735556,1797,510
686394059078897668,1645,646
686386521809772549,3083,826
686377065986265092,2105,530
686358356425093120,2053,617
686286779679375361,3824,1572
686050296934563840,2109,682
686035780142297088,1090,111
686034024800862208,2922,1070
686007916130873345,2344,379
686003207160610816,1732,579
685973236358713344,1983,488
685943807276412928,1544,553
685906723014619143,7083,2679
685681090388975616,1938,115
685667379192414208,2231,524
685663452032069632,3054,1373
685641971164143616,2765,713
685547936038666240,31173,14557
685532292383666176,2882,1082
685325112850124800,8919,3706
685321586178670592,2505,592
685315239903100929,3118,972
685307451701334016,1973,412
685268753634967552,2933,1116
685198997565345792,2211,617
685169283572338688,3895,1330
684969860808454144,2267,342
684959798585110529,6438,2919
684940049151070208,3035,973
684926975086034944,3320,436
684914660081053696,3317,1362
684902183876321280,1770,492
684880619965411328,1984,753
684830982659280897,33179,20333
684800227459624960,2585,937
684594889858887680,8427,3281
684588130326986752,3894,1324
684567543613382656,2842,1135
684538444857667585,2501,885
684481074559381504,3674,1110
684460069371654144,1869,522
684241637099323392,7685,3059
684225744407494656,1178,191
684222868335505415,3623,1270
684200372118904832,2034,978
684195085588783105,1806,475
684188786104872960,3319,1090
684177701129875456,1912,615
684147889187209216,2831,1416
684122891630342144,1903,441
684097758874210310,3900,1338
683857920510050305,3612,1052
683852578183077888,1841,325
683849932751646720,2470,881
683834909291606017,2493,1053
683828599284170753,2659,995
683773439333797890,3160,1257
683742671509258241,6112,3108
683515932363329536,6957,2703
683498322573824003,3012,910
683481228088049664,2533,937
683462770029932544,2295,636
683449695444799489,3667,1500
683391852557561860,7240,2243
683357973142474752,2743,854
683142553609318400,2718,981
683111407806746624,3223,848
683098815881154561,2056,612
683078886620553216,1896,532
683030066213818368,2040,696
682962037429899265,34688,15329
682808988178739200,1684,158
682788441537560576,2345,1047
682750546109968385,1438,409
682697186228989953,1248,342
682662431982772225,2887,1014
682638830361513985,1956,557
682429480204398592,3252,1081
682406705142087680,7156,1638
682393905736888321,2121,618
682389078323662849,1584,441
682303737705140231,2901,914
682259524040966145,3913,1112
682242692827447297,3052,1075
682088079302213632,17223,9178
682059653698686977,4664,1574
682047327939461121,3033,877
682032003584274432,6220,1863
682003177596559360,2947,1412
681981167097122816,2655,956
681891461017812993,2334,767
681694085539872773,12129,3802
681679526984871937,1677,414
681654059175129088,2480,844
681610798867845120,1790,435
681579835668455424,3349,1211
681523177663676416,13481,5366
681340665377193984,1556,253
681339448655802368,8795,3810
681320187870711809,2495,690
681302363064414209,3707,1692
681297372102656000,3041,886
681281657291280384,3056,1026
681261549936340994,1372,247
681242418453299201,1403,490
681231109724700672,2282,457
681193455364796417,3495,1381
680970795137544192,2277,608
680959110691590145,4334,1865
680940246314430465,3014,969
680934982542561280,1972,408
680913438424612864,2277,578
680889648562991104,1663,346
680836378243002368,3262,1235
680805554198020098,2030,625
680801747103793152,2245,762
680798457301471234,2675,963
680609293079592961,2479,651
680583894916304897,3412,1231
680497766108381184,3983,1793
680494726643068929,1619,452
680473011644985345,2400,703
680440374763077632,1364,466
680221482581123072,1409,275
680206703334408192,2676,1087
680191257256136705,2030,466
680176173301628928,3667,1442
680161097740095489,2203,690
680145970311643136,3419,1622
680130881361686529,2166,880
680115823365742593,2568,851
680100725817409536,3395,1293
680085611152338944,12083,8414
680070545539371008,2442,802
679877062409191424,1866,603
679872969355714560,2076,618
679862121895714818,2320,575
679854723806179328,2689,1147
679844490799091713,2247,707
679828447187857408,34095,13017
679777920601223168,2933,1023
679736210798047232,1971,736
679729593985699840,2049,778
679722016581222400,1575,440
679530280114372609,4502,1948
679527802031484928,2487,676
679511351870550016,3160,1175
679503373272485890,2986,1366
679475951516934144,1971,601
679462823135686656,29628,17453
679405845277462528,2235,1107
679158373988876288,19962,7462
679148763231985668,2634,962
679132435750195208,2794,1074
679111216690831360,5590,2404
679062614270468097,15898,7437
679047485189439488,2116,607
679001094530465792,2681,1133
678991772295516161,2135,1068
678969228704284672,1543,423
678800283649069056,2416,841
678798276842360832,3238,1070
678774928607469569,2644,843
678767140346941444,3310,1265
678764513869611008,1528,434
678755239630127104,6659,3031
678740035362037760,3502,1538
678708137298427904,5276,2257
678675843183484930,2675,1358
678643457146150913,1934,372
678446151570427904,3757,1416
678424312106393600,5127,2357
678410210315247616,3953,1663
678399652199309312,75334,29450
678396796259975168,1494,386
678389028614488064,1750,390
678380236862578688,2294,837
678341075375947776,1620,496
678334497360859136,1218,231
678278586130948096,10715,5661
678255464182861824,1490,341
678023323247357953,1787,349
678021115718029313,12711,5813
677961670166224897,3213,1571
677918531514703872,1254,379
677895101218201600,4507,1904
677716515794329600,2857,902
677700003327029250,3188,1332
677698403548192770,1152,295
677687604918272002,2335,780
677673981332312066,3129,1389
677662372920729601,1831,878
677644091929329666,1746,747
677573743309385728,1995,636
677565715327688705,1223,425
677557565589463040,2286,1057
677547928504967168,6486,3405
677530072887205888,993,211
677335745548390400,2842,1611
677334615166730240,1263,259
677331501395156992,1018,216
677328882937298944,3421,1398
677314812125323265,1550,485
677301033169788928,1143,369
677269281705472000,1846,655
677228873407442944,3318,1510
677187300187611136,2553,840
676975532580409345,2593,985
676957860086095872,2090,745
676949632774234114,1227,367
676948236477857792,2012,795
676946864479084545,1618,337
676942428000112642,1932,686
676936541936185344,11909,4569
676916996760600576,2771,1673
676897532954456065,2103,667
676864501615042560,1954,650
676821958043033607,21299,14234
676819651066732545,1697,611
676811746707918848,1344,396
676776431406465024,4660,1859
676617503762681856,2688,881
676613908052996102,1016,184
676606785097199616,1774,399
676603393314578432,1082,355
676593408224403456,4252,1973
676590572941893632,861,115
676588346097852417,2143,722
676582956622721024,1106,253
676575501977128964,2397,1030
676533798876651520,1749,512
676496375194980353,1419,485
676470639084101634,10843,4312
676440007570247681,1609,610
676430933382295552,1299,314
676263575653122048,1950,499
676237365392908289,1122,258
676219687039057920,71292,28489
676215927814406144,1617,529
676191832485810177,2110,951
676146341966438401,1797,611
676121918416756736,2014,1070
676101918813499392,2640,1078
676098748976615425,2762,1293
676089483918516224,1219,405
675898130735476737,1498,521
675891555769696257,1976,783
675888385639251968,2197,868
675878199931371520,3875,1285
675870721063669760,1513,519
675853064436391936,2500,1178
675849018447167488,884,129
675845657354215424,2107,802
675822767435051008,1413,488
675820929667219457,977,219
675798442703122432,9547,3143
675781562965868544,1497,429
675740360753160193,1091,307
675710890956750848,1737,750
675707330206547968,1833,626
675706639471788032,601,87
675534494439489536,1705,375
675531475945709568,1098,346
675522403582218240,960,257
675517828909424640,1196,425
675501075957489664,15948,5369
675497103322386432,2900,1182
675489971617296384,1189,543
675483430902214656,1705,885
675432746517426176,1398,527
675372240448454658,1562,474
675362609739206656,977,204
675354435921575936,30137,15295
675349384339542016,3625,2067
675334060156301312,2546,1174
675166823650848770,3272,1427
675153376133427200,5753,2332
675149409102012420,3440,1550
675147105808306176,868,207
675146535592706048,1088,264
675145476954566656,1965,814
675135153782571009,1200,427
675113801096802304,1790,710
675111688094527488,885,223
675109292475830276,2589,1028
675047298674663426,966,288
675015141583413248,2493,1080
675006312288268288,897,206
675003128568291329,1430,424
674999807681908736,2052,996
674805413498527744,786,326
674800520222154752,2768,779
674793399141146624,2291,987
674790488185167872,1017,226
674788554665512960,738,188
674781762103414784,1846,1082
674774481756377088,1007,427
674767892831932416,1669,712
674764817387900928,722,208
674754018082705410,1254,398
674752233200820224,1344,417
674743008475090944,1289,492
674742531037511680,441,46
674739953134403584,998,342
674737130913071104,595,81
674690135443775488,1054,426
674670581682434048,1491,590
674664755118911488,837,217
674646392044941312,1318,439
674644256330530816,956,253
674638615994089473,1549,534
674632714662858753,1380,520
674606911342424069,858,89
674468880899788800,5726,1841
674447403907457024,979,321
674436901579923456,1024,355
674422304705744896,1323,486
674416750885273600,633,123
674410619106390016,1104,418
674394782723014656,1380,514
674372068062928900,788,286
674330906434379776,529,69
674318007229923329,1293,464
674307341513269249,10444,6254
674291837063053312,13525,5309
674271431610523648,1431,667
674269164442398721,840,208
674265582246694913,1502,760
674262580978937856,1213,402
674255168825880576,1340,489
674082852460433408,707,150
674075285688614912,921,253
674063288070742018,5872,1963
674053186244734976,3038,1170
674051556661161984,1333,444
674045139690631169,1298,581
674042553264685056,657,115
674038233588723717,1010,380
674036086168010753,787,185
674024893172875264,1630,1112
674019345211760640,1044,273
674014384960745472,1434,579
674008982932058114,1110,319
673956914389192708,1803,870
673919437611909120,1081,336
673906403526995968,2931,1494
673887867907739649,866,230
673716320723169284,2843,686
673715861853720576,3232,1859
673711475735838725,961,272
673709992831262724,773,240
673708611235921920,985,260
673707060090052608,1015,353
673705679337693185,1159,368
673700254269775872,1317,517
673697980713705472,3625,1749
673689733134946305,1594,591
673688752737402881,1158,447
673686845050527744,1312,391
673680198160809984,1255,424
673662677122719744,1157,337
673656262056419329,665,210
673636718965334016,1022,329
673612854080196609,1464,650
673583129559498752,1100,324
673580926094458881,762,248
673576835670777856,1268,504
673363615379013632,949,273
673359818736984064,1324,612
673355879178194945,1378,512
673352124999274496,1530,484
673350198937153538,699,190
673345638550134785,2291,1141
673343217010679808,886,245
673342308415348736,1170,512
673320132811366400,12305,7076
673317986296586240,806,225
673295268553605120,6905,2847
673270968295534593,979,326
673240798075449344,1308,636
673213039743795200,2036,755
673148804208660480,1545,566
672997845381865473,1801,640
672995267319328768,866,263
672988786805112832,898,264
672984142909456390,1147,492
672980819271634944,1667,914
672975131468300288,1538,813
672970152493887488,867,321
672968025906282496,1221,488
672964561327235073,1292,579
672902681409806336,1261,445
672898206762672129,821,379
672884426393653248,1410,760
672877615439593473,938,321
672834301050937345,1196,516
672828477930868736,1135,438
672640509974827008,903,286
672622327801233409,1182,435
672614745925664768,1119,527
672609152938721280,1002,350
672604026190569472,1002,357
672594978741354496,1206,549
672591762242805761,870,298
672591271085670400,660,170
672538107540070400,930,325
672523490734551040,566,151
672488522314567680,1021,390
672482722825261057,1028,540
672481316919734272,661,118
672475084225949696,1324,633
672466075045466113,1232,473
672272411274932228,5887,3042
672267570918129665,1355,552
672264251789176834,1032,300
672256522047614977,2587,1371
672254177670729728,1309,675
672248013293752320,1582,537
672245253877968896,622,140
672239279297454080,826,288
672231046314901505,1670,915
672222792075620352,720,185
672205392827572224,2057,1038
672169685991993344,935,332
672160042234327040,801,317
672139350159835138,1597,628
672125275208069120,2173,1028
672095186491711488,900,335
672082170312290304,861,331
672068090318987265,1177,462
671896809300709376,7808,3774
671891728106971137,1203,509
671882082306625538,3202,1252
671879137494245376,1291,597
671874878652489728,1144,499
671866342182637568,1029,438
671855973984772097,820,391
671789708968640512,6492,3110
671768281401958400,1086,446
671763349865160704,1530,811
671744970634719232,1244,692
671743150407421952,691,212
671735591348891648,1324,679
671729906628341761,7741,3917
671561002136281088,11693,6517
671550332464455680,832,189
671547767500775424,1235,524
671544874165002241,1790,924
671542985629241344,989,506
671538301157904385,851,346
671536543010570240,1076,366
671533943490011136,921,519
671528761649688577,769,231
671520732782923777,1262,473
671518598289059840,861,264
671511350426865664,1459,625
671504605491109889,6398,3228
671497587707535361,846,410
671488513339211776,913,434
671486386088865792,526,178
671485057807351808,698,210
671390180817915904,1311,675
671362598324076544,1013,268
671357843010908160,361,141
671355857343524864,442,109
671347597085433856,868,381
671186162933985280,660,187
671182547775299584,1008,298
671166507850801152,796,310
671163268581498880,1496,997
671159727754231808,323,72
671154572044468225,641,197
671151324042559489,598,137
671147085991960577,599,199
671141549288370177,1052,587
671138694582165504,839,359
671134062904504320,670,170
671122204919246848,3167,2264
671115716440031232,1248,699
671109016219725825,1040,393
670995969505435648,997,257
670842764863651840,22624,7799
670840546554966016,533,171
670838202509447168,1012,615
670833812859932673,389,113
670832455012716544,664,192
670826280409919488,5021,3625
670823764196741120,698,167
670822709593571328,554,87
670815497391357952,2877,1374
670811965569282048,1024,241
670807719151067136,1069,443
670804601705242624,1789,855
670803562457407488,312,81
670797304698376195,675,211
670792680469889025,753,244
670789397210615808,599,215
670786190031921152,547,180
670783437142401025,758,344
670782429121134593,1404,692
670780561024270336,723,260
670778058496974848,306,65
670764103623966721,991,385
670755717859713024,400,95
670733412878163972,878,463
670727704916926465,759,323
670717338665226240,1088,433
670704688707301377,709,333
670691627984359425,534,218
670679630144274432,680,252
670676092097810432,223,37
670668383499735048,9722,4466
670474236058800128,1380,662
670468609693655041,327,80
670465786746662913,885,491
670452855871037440,501,181
670449342516494336,1101,581
670444955656130560,6194,1786
670442337873600512,589,182
670435821946826752,967,458
670434127938719744,1291,580
670433248821026816,302,102
670428280563085312,1275,551
670427002554466305,478,146
670421925039075328,1185,574
670420569653809152,560,279
670417414769758208,516,292
670411370698022913,1845,802
670408998013820928,500,197
670403879788544000,390,136
670385711116361728,510,184
670374371102445568,685,247
670361874861563904,297,59
670338931251150849,392,100
670319130621435904,3559,1102
670303360680108032,399,116
670290420111441920,639,259
670093938074779648,940,297
670086499208155136,635,226
670079681849372674,2018,1093
670073503555706880,1420,701
670069087419133954,568,213
670061506722140161,686,300
670055038660800512,607,290
670046952931721218,589,159
670040295598354432,683,101
670037189829525505,537,248
670003130994700288,301,83
669993076832759809,297,74
669972011175813120,406,138
669970042633789440,278,49
669942763794931712,458,143
669926384437997569,348,87
669923323644657664,212,53
669753178989142016,730,354
669749430875258880,232,60
669684865554620416,460,78
669683899023405056,346,98
669682095984410625,319,123
669680153564442624,608,257
669661792646373376,733,381
669625907762618368,3216,1625
669603084620980224,870,327
669597912108789760,464,137
669583744538451968,1359,834
669573570759163904,397,125
669571471778410496,1452,916
669567591774625800,213,47
669564461267722241,355,108
669393256313184256,324,65
669375718304980992,1209,650
669371483794317312,446,155
669367896104181761,414,137
669363888236994561,567,207
669359674819481600,340,109
669354382627049472,2457,1134
669353438988365824,576,234
669351434509529089,396,166
669328503091937280,930,380
669327207240699904,521,111
669324657376567296,450,190
669216679721873412,1089,361
669214165781868544,396,142
669203728096960512,914,418
669037058363662336,594,278
669015743032369152,673,332
669006782128353280,527,217
669000397445533696,19127,5685
668994913074286592,394,201
668992363537309700,670,304
668989615043424256,610,299
668988183816871936,823,407
668986018524233728,500,147
668981893510119424,495,271
668979806671884288,726,307
668975677807423489,1179,519
668967877119254528,131,20
668960084974809088,640,220
668955713004314625,249,65
668932921458302977,231,53
668902994700836864,289,90
668892474547511297,365,132
668872652652679168,488,274
668852170888998912,417,145
668826086256599040,389,118
668815180734689280,509,233
668779399630725120,652,335
668655139528511488,485,196
668645506898350081,801,471
668643542311546881,805,463
668641109086707712,972,482
668636665813057536,944,446
668633411083464705,2543,1427
668631377374486528,646,287
668627278264475648,289,100
668625577880875008,347,114
668623201287675904,1283,670
668620235289837568,187,36
668614819948453888,563,284
668587383441514497,1531,964
668567822092664832,216,49
668544745690562560,465,203
668542336805281792,413,188
668537837512433665,231,63
668528771708952576,422,198
668507509523615744,294,92
668496999348633600,370,118
668484198282485761,382,214
668480044826800133,413,131
668466899341221888,802,459
668297328638447616,572,263
668291999406125056,222,29
668286279830867968,456,124
668274247790391296,749,208
668268907921326080,501,210
668256321989451776,1183,537
668248472370458624,867,418
668237644992782336,5616,2525
668226093875376128,263,90
668221241640230912,463,176
668204964695683073,509,177
668190681446379520,592,179
668171859951755264,442,165
668154635664932864,456,282
668142349051129856,527,251
668113020489474048,606,212
667937095915278337,1133,715
667924896115245057,270,97
667915453470232577,191,49
667911425562669056,444,260
667902449697558528,783,347
667886921285246976,1691,951
667885044254572545,751,416
667878741721415682,360,106
667873844930215936,569,364
667866724293877760,2779,926
667861340749471744,226,73
667832474953625600,265,56
667806454573760512,955,442
667801013445750784,292,83
667793409583771648,632,301
667782464991965184,372,220
667773195014021121,212,46
667766675769573376,389,195
667728196545200128,336,134
667724302356258817,438,283
667550904950915073,0,29
667550882905632768,0,26
667549055577362432,5236,2014
667546741521195010,311,113
667544320556335104,782,478
667538891197542400,185,59
667534815156183040,738,469
667530908589760512,424,216
667524857454854144,1542,1002
667517642048163840,339,174
667509364010450944,6213,1903
667502640335572993,496,198
667495797102141441,474,238
667491009379606528,469,199
667470559035432960,230,87
667455448082227200,177,55
667453023279554560,287,78
667443425659232256,699,513
667437278097252352,409,211
667435689202614272,278,79
667405339315146752,424,200
667393430834667520,174,51
667369227918143488,333,149
667211855547486208,442,219
667200525029539841,564,236
667192066997374976,343,87
667188689915760640,665,347
667182792070062081,12901,5448
667177989038297088,173,50
667176164155375616,544,404
667174963120574464,224,70
667171260800061440,195,73
667165590075940865,2432,1010
667160273090932737,229,54
667152164079423490,43300,15025
667138269671505920,4122,1942
667119796878725120,296,114
667090893657276420,300,110
667073648344346624,363,106
667070482143944705,74,13
667065535570550784,148,40
667062181243039745,198,46
667044094246576128,168,44
667012601033924608,405,195
666996132027977728,220,80
666983947667116034,2307,868
666837028449972224,726,485
666835007768551424,189,69
666826780179869698,231,81
666817836334096384,457,223
666804364988780544,210,79
666786068205871104,676,425
666781792255496192,341,171
666776908487630848,310,151
666739327293083650,212,60
666701168228331520,383,190
666691418707132416,166,43
666649482315059201,1012,550
666644823164719104,213,72
666454714377183233,458,188
666447344410484738,93,19
666437273139982337,108,41
666435652385423360,144,44
666430724426358785,283,168
666428276349472768,144,67
666421158376562688,284,95
666418789513326592,109,39
666411507551481857,383,278
666407126856765440,97,30
666396247373291520,150,72
666373753744588802,166,75
666362758909284353,676,484
666353288456101888,187,62
666345417576210432,259,128
666337882303524864,171,80
666293911632134144,442,301
666287406224695296,127,57
666273097616637952,154,69
666268910803644416,91,32
666104133288665088,12935,5628
666102155909144576,67,11
666099513787052032,137,55
666094000022159362,148,65
666082916733198337,97,39
666073100786774016,277,136
666071193221509120,131,51
666063827256086533,418,185
666058600524156928,103,49
666057090499244032,258,114
666055525042405380,388,204
666051853826850816,1059,729
666050758794694657,119,51
666049248165822465,92,37
666044226329800704,252,118
666033412701032449,103,37
666029285002620928,116,40
666020888022790149,2323,436
